-87
0
-8
8
-31
-1
-41
-75
34
52
-63
98
1
94
45
83
52
-85
-85
48
-59
-18
-8
-88
87
47
93
9
84
10
-38
62
-41
97
-87
-18
75
-14
-89
34
81
58
-61
86
39
-95
-100
73
-19
62
35
12
76
78
22
-44
-68
32
28
-87
-85
-61
73
-71
34
-67
-16
26
48
-80
60
-61
6
89
56
-92
-7
-22
32
17
72
15
72
55
-11
-99
-24
-64
-13
87
-90
14
14
77
-11
58
87
-38
43
6
-48
38
19
17
35
34
52
-86
24
-27
17
28
42
99
-30
-43
-78
-25
-55
-80
-29
59
-61
68
43
47
-76
-32
-23
43
72
26
43
-79
58
78
-39
-70
-69
41
-69
55
30
-17
-50
-21
-50
57
52
-7
22
-42
-21
53
28
15
91
30
71
-90
-23
-18
82
-66
-72
21
-19
-25
-65
59
3
54
-13
-40
-33
-54
-42
16
5
-37
42
26
-61
52
66
29
72
-6
-10
44
-74
-24
22
11
-74
-49
-71
-95
12
-78
-84
-100
54
-67
45
-93
-81
-63
13
-9
32
0
43
-36
52
17
41
19
-38
-2
76
-25
86
-32
-29
-27
-56
22
-14
11
61
-60
71
16
54
65
-42
4
81
89
-26
7
89
51
43
-96
-69
98
88
-12
76
83
-85
-76
60
-94
63
46
-23
58
11
-30
-85
93
54
7
-83
81
98
-74
-46
64
-52
45
33
-65
-58
-13
52
-81
65
14
-14
26
41
-91
-62
8
10
-96
87
0
69
17
5
-89
51
-93
-50
-79
60
54
-72
81
-74
-84
-86
-59
58
15
7
36
-85
-30
77
-33
-20
-77
-23
-88
22
20
-48
-95
-19
60
91
-80
-14
76
71
16
72
14
-92
-57
-9
-20
-58
82
70
-16
12
96
46
-95
-32
-72
51
25
-70
-43
2
92
-15
-92
38
71
36
-42
54
62
84
-85
74
15
-40
-22
53
-57
-81
44
-18
41
-62
-35
-13
59
73
-60
-11
42
-63
-93
-67
-74
-15
-39
61
55
84
-48
-24
54
-64
48
21
1
-98
-28
92
8
77
21
-100
46
-56
70
-9
-48
19
46
76
85
96
74
94
82
-42
43
75
-10
59
1
62
-37
43
61
-8
-65
-1
-47
-10
-70
88
-8
-42
25
-20
-31
-50
43
-19
-73
-93
-49
-18
56
-39
-28
13
-92
-33
3
-12
90
-87
-57
34
-12
40
-39
95
-88
93
-64
-6
-89
97
55
-48
-39
-32
-25
-56
41
19
44
-41
2
-69
22
-40
70
64
83
-83
7
-26
64
48
22
9
62
17
98
51
13
-61
-45
-21
-90
-82
55
43
36
-31
-96
-47
-81
-49
55
-14
-10
-37
-6
77
53
-24
-27
18
81
86
-76
58
-83
-7
-79
24
80
69
35
-96
-31
43
-17
51
-31
42
-64
-97
-47
89
34
93
96
60
-30
22
-81
98
-65
80
61
-85
15
-12
37
-45
-98
-66
-5
19
-53
49
89
2
-82
68
-33
-48
77
-61
35
8
-19
57
-99
43
-24
-65
-89
17
-73
95
4
70
11
32
-85
-35
39
67
62
-9
-79
10
99
-21
-62
-97
92
91
-21
-51
-46
-58
-81
37
-100
7
23
34
26
-47
27
17
43
98
-47
-66
-36
-86
1
-66
88
-20
19
-53
-60
30
41
-69
20
-74
0
-58
50
-46
-88
74
-53
5
7
72
-90
-19
14
70
56
58
40
23
-24
21
87
5
-7
99
61
-27
-72
-79
4
65
41
-97
87
22
-75
46
97
28
92
82
-98
-73
74
-72
-25
4
54
-59
-99
-7
-86
14
-59
-11
78
-96
27
12
83
16
89
-51
86
-45
28
-5
66
-9
-80
35
14
23
62
0
47
78
-18
-90
-67
19
62
-21
43
-30
-76
-26
-10
-24
95
-26
-77
-36
74
-88
86
-53
-8
5
-67
-50
-30
-100
26
-62
-66
-67
0
29
62
-33
-98
-80
-99
91
-86
21
-15
96
90
59
-10
-15
52
-91
17
-27
64
-27
83
37
-83
-57
69
-98
70
-12
-30
98
80
-28
7
65
-3
-68
10
-17
72
72
75
87
73
-37
-78
77
-98
-70
92
76
-100
-57
91
97
-14
2
-97
-68
13
-37
-27
-46
73
30
-43
-20
-87
5
88
66
-50
-61
78
-37
99
0
-47
95
-82
21
-68
-99
-5
79
-80
-64
-51
-79
22
11
-71
61
-11
-52
-78
-48
5
43
-28
89
-1
44
-58
31
-63
-39
76
-83
43
-42
-91
60
39
40
-1
-13
50
-33
-57
27
-39
56
-16
-59
-9
-68
27
13
11
-47
66
78
-63
72
-52
-49
98
-78
88
9
-16
72
7
44
29
33
44
-91
16
-29
72
-22
36
60
-66
19
27
11
70
-82
68
71
-53
-12
25
-60
6
-55
3
37
-75
77
80
-15
46
43
-74
-46
-33
-29
62
19
30
-82
-47
-38
62
-28
10
-82
12
90
72
-5
-42
-1
-82
-86
-70
-15
-64
-54
26
29
88
-60
-15
79
28
83
-18
14
14
39
-66
85
12
-40
-52
99
-73
66
-74
-66
-61
-95
-26
-67
-34
14
0
96
12
84
53
-79
72
29
44
-12
-65
-67
47
17
79
-79
10
65
-34
75
-66
-30
18
-88
35
18
23
